21030100 ESE 9 1.6
21030112 SSE 9 1.8
21030200 S 8 3.3
21030212 S 9 3.3
21030300 NNE 8 3.5
21030312 ENE 8 2.9
21030400 E 9 2.3
21030412 E 9 2.1
21030500 E 11 2.0
21030512 E 11 2.0
21030600 ESE 11 2.0
21030612 ENE 7 3.0
21030700 NE 9 3.8
21030712 E 9 2.5
21030800 E 11 2.0
21030812 E 11 2.3
21030900 E 11 2.2
21030912 E 11 1.7
21031000 ESE 9 1.9
21031012 ENE 6 2.4
21031100 ENE 8 2.1
21031112 E 9 1.3
21031200 ESE 10 1.3
21031212 ESE 10 1.0
21031300 SE 7 2.9
21031312 SSE 9 4.0
21031400 S  9 2.8
21031412 ESE 9 1.9
21031500 E 10 1.8
21031512 ENE 10 1.5
21031600 S 5 1.6
21031612 WSW 8 3.1
21031700 ESE 7 1.8
21031712 NE 7 2.0
21031800 NE 7 1.3
21031812 ESE 7 1.2
21031900 NNE 6 1.3
21031912 ENE 6 2.1
21032000 E 6 1.5
21032012 ESE 11 1.4
21032100 S 8 3.2
21032112 S 9 4.8
21032200 SSE 9 3.0
21032212 E 9 2.6
21032300 E 9 1.8
21032312 E 9 1.5
21032400 ESE 9 1.7
21032412 SE 10 1.8
21032500 ESE 10 1.7
21032512 ESE 9 1.3
21032600 ESE 9 1.2
21032612 E 10 1.7
21032700 ENE 8 1.5
21032712 E 10 1.3
21032800 SSE 6 2.2
21032812 S 8 3.5
21032900 SSE 10 4.3
21032912 SSE 9 3.2
21033000 SE 9 2.3
21033012 ESE 9 1.9
21033100 E 9 2.0
21033112 E 10 1.9
21040100 E 10 2.0
21040112 E 10 1.9
21040200 E 10 2.0
21040212 E 10 2.1
21040300 E 9 1.9
21040312 ESE 9 2.1
21040400 ESE 9 2.1
21040412 ESE 10 1.8
21040500 ESE 10 2.0
21040512 NE 8 3.5
21040600 NE 8 3.5
21040612 ENE 10 3.1
21040700 ENE 10 2.5
21040712 ENE 10 2.1
21040800 ENE 10 2.1
21040812 E 10 2.1
21040900 ENE 10 2.5
21040912 NE 9 2.4
21041000 NNE 7 2.5
21041012 ENE 11 2.0
21041100 ENE 12 1.6
21041112 E 11 1.4
21041200 E 11 1.3
21041212 E 11 1.5
21041300 S 7 2.7
21041312 S 7 3.0
21041400 S 7 3.0
21041412 E 7 3.3
21041500 ENE 7 3.0
21041512 E 9 2.5
21041600 E 9 1.9
21041612 ESE 9 2.0
21041700 ESE 10 2.5
21041712 ESE 7 3.3
21041800 SSE 8 3.8
21041812 S 9 3.1
21041900 SE 12 1.6
21041912 ESE 11 1.5
21042000 SE 11 1.4
21042012 SSE 11 1.7
21042100 E 10 2.3
21042112 SE 10 1.7
21042200 ESE 11 1.6
21042212 NE 9 3.1
21042300 NE 11 3.7
21042312 ENE 10 2.7
21042400 NE 9 2.2
21042412 ENE 10 2.2
21042500 E 9 2.0
21042512 NNE 8 1.9
21042600 NE 7 3.1
21042612 NE 9 2.4
21042700 NE 9 2.0
21042712 ENE 9 1.7
21042800 E 10 2.2
21042812 ESE 10 2.4
21042900 S 7 2.3
21042912 S 8 3.7
21043000 S  9 3.2
21043012 SW 8 3.2
21050100 SE 8 2.1
21050112 SSW 7 2.4
21050200 SW 8 3.3
21050212 SSW 9 3.1
21050300 S 9 1.3
21050312 SSW 7 1.5
21050400 SSW 7 1.0
21050412 SW 6 1.4
21050500 SW 7 1.9
21050512 SW 7 1.9
21050600 S 7 2.4
21050612 SSE 8 1.8
21050700 SSE 7 1.2
21050712 SE 7 1.0
21050800 S  8 1.4
21050812 SW 7 2.3
21050900 WSW 6 2.0
21050912 SSW 8 2.0
21051000 SE 7 1.1
21051012 SSE 5 1.0
21051100 ENE 6 1.5
21051112 ESE 6 1.2
21051200 E 6 1.4
21051212 ESE 6 1.5
21051300 SE 9 2.0
21051312 ESE 9 2.9
21051400 ESE 9 2.6
21051412 ESE 9 1.6
21051500 E 9 1.3
21051512 E 8 1.3
21051600 SE 6 1.7
21051612 SE 7 2.5
21051700 SE 6 2.7
21051712 SSW 7 3.1
21051800 S  9 2.5
21051812 SE 8 1.9
21051900 E 7 1.5
21051912 S 7 1.6
21052000 SSE 7 1.3
21052012 SE 6 1.4
21052100 S 7 2.4
21052112 SSW 7 2.2
21052200 SSW 6 1.8
21052212 SW 6 1.8
21052300 S 7 1.4
21052312 SE 7 1.2
21052400 SSE 7 1.2
21052412 SSW 6 1.7
21052500 S 6 0.8
21052512 WSW 6 1.4
21052600 SSW 7 1.2
21052612 ESE 5 1.2
21052700 SSW 6 1.3
21052712 S 7 1.9
21052800 S 9 2.2
21052812 SW 7 2.0
21052900 SW 7 2.3
21052912 SW 6 1.9
21053000 S 7 1.5
21053012 E 6 1.7
21053100 E 7 1.5
21053112 ESE 6 1.3
21060100 E 8 1.3
21060112 ESE 9 1.1
21060200 ESE 8 1.1
21060212 SE 8 1.3
21060300 SE 7 1.4
21060312 SE 7 2.1
21060400 SSE 8 3.2
21060412 S 9 4.3
21060500 SE 9 2.9
21060512 SE 9 2.4
21060600 SE 10 2.2
21060612 ESE 9 1.5
21060700 SSE 8 1.5
21060712 SSE 9 1.3
21060800 SSE 9 1.2
21060812 SSE 9 1.0
21060900 SE 9 0.9
21060912 E 12 1.3
21061000 E 12 1.2
21061012 E 11 1.0
21061100 E 10 1.0
21061112 E 10 1.1
21061200 E 9 1.2
21061212 ESE 8 1.2
21061300 ESE 9 1.2
21061312 ESE 9 1.2
21061400 ESE 9 1.3
21061412 ESE 9 1.2
21061500 ESE 9 1.2
21061512 ESE 9 1.1
21061600 E 9 1.1
21061612 ESE 9 1.3
21061700 E 8 1.5
21061712 ENE 7 1.8
21061800 E 8 1.5
21061812 ESE 9 1.9
21061900 SE 9 1.8
21061912 SSE 9 1.9
21062000 SSE 8 2.2
21062012 SSE 8 1.5
21062100 SSE 7 1.6
21062112 SSE 8 1.5
21062200 SE 9 1.4
21062212 SE 9 1.7
21062300 SE 9 1.6
21062312 E 7 2.0
21062400 ESE 9 1.8
21062412 ESE 9 1.8
21062500 ESE 8 1.3
21062512 E 8 1.2
21062600 E 8 1.2
21062612 ESE 8 1.3
21062700 SE 9 1.3
21062712 SE 9 1.6
21062800 SE 10 2.0
21062812 ESE 8 1.5
21062900 E 8 1.5
21062912 ESE 9 2.5
21063000 E 9 2.5
21063012 E 9 2.2
21070100 E 9 2.0
21070112 SE 7 2.0
21070200 ESE 8 1.9
21070212 S 7 2.8
21070300 SSW 7 2.2
21070312 S  8 1.9
21070400 E 8 1.4
21070412 ESE 7 1.5
21070500 SW 6 1.7
21070512 SSW 7 1.2
21070600 S 7 1.1
21070612 S 7 1.0
21070700 S 7 1.4
21070712 SSE 7 1.3
21070800 E 8 1.0
21070812 E 7 1.3
21070900 E 8 1.2
21070912 ESE 8 1.5
21071000 SSW 8 1.4
21071012 SSW 8 1.4
21071100 SSE 7 1.2
21071112 S 7 1.2
21071200 ESE 10 1.1
21071212 SE 10 1.2
21071300 ESE 10 1.1
21071312 ESE 10 1.1
21071400 ESE 10 1.0
21071412 E 10 1.2
21071500 E 10 1.0
21071512 E 10 0.9
21071600 ESE 10 1.0
21071612 ESE 9 1.2
21071700 ESE 9 1.1
21071712 ESE 9 1.1
21071800 ESE 9 1.2
21071812 ESE 9 1.2
21071900 ESE 10 1.2
21071912 ESE 10 1.1
21072000 SE 10 1.1
21072012 SSE 10 1.0
21072100 SE 10 1.3
21072112 ESE 10 1.0
21072200 ESE 10 1.1
21072212 ESE 10 1.1
21072300 SE 10 1.1
21072312 SE 10 1.3
21072400 SE 10 1.2
21072412 SE 9 1.4
21072500 SE 9 1.4
21072512 ESE 9 2.0
21072600 E 9 2.0
21072612 ENE 9 2.6
21072700 ENE 10 4.1
21072712 ENE 10 2.5
21072800 ESE 10 2.1
21072812 SSE 7 2.5
21072900 SSE 9 2.2
21072912 SE 9 2.0
21073000 SE 9 1.4
21073012 ESE 9 1.5
21073100 ESE 10 1.4
21073112 ESE 10 1.6
21080100 SE 9 1.8
21080112 SE 9 1.6
21080200 SE 10 1.6
21080212 SE 9 2.0
21080300 SSE 9 2.0
21080312 SE 9 1.4
21080400 ESE 10 1.4
21080412 ESE 9 1.3
21080500 ESE 9 1.5
21080512 ESE 9 1.6
21080600 SE 10 1.8
21080612 SE 10 1.6
21080700 SE 9 1.2
21080712 SE 9 2.2
21080800 SE 10 5.0
21080812 ESE 11 3.9
21080900 S 10 2.8
21080912 SSW 9 4.1
21081000 SW 9 4.3
21081012 SSW 9 2.2
21081100 S 9 2.2
21081112 ENE 11 2.0
21081200 NE 11 2.1
21081212 ENE 11 2.3
21081300 E 11 2.2
21081312 ENE 10 2.3
21081400 SSW 7 3.0
21081412 SW 7 2.8
21081500 SSW 9 2.9
21081512 ENE 9 2.3
21081600 ENE 10 2.0
21081612 ENE 10 2.0
21081700 ENE 10 1.6
21081712 E 10 1.6
21081800 SSW 6 2.0
21081812 S 6 1.6
21081900 SSE 6 1.4
21081912 SSE 6 1.5
21082000 SSE 9 1.2
21082012 SE 9 1.2
21082100 SE 8 1.1
21082112 SSE 5 1.0
21082200 SW 6 1.1
21082212 S 5 1.2
21082300 ESE 9 1.1
21082312 E 9 1.1
21082400 E 9 1.1
21082412 E 9 1.2
21082500 SW 7 1.9
21082512 SSW 7 1.6
21082600 SE 7 1.4
21082612 E 9 1.2
21082700 E 9 1.1
21082712 E 9 1.1
21082800 E 9 0.8
21082812 E 9 0.8
21082900 E 6 1.1
21082912 E 5 1.2
21083000 E 10 0.7
21083012 SE 10 0.8
21083100 E 5 1.1
21083112 ESE 5 1.1
21090100 ESE 9 0.9
21090112 ENE 6 1.4
21090200 ESE 6 1.1
21090212 NE 7 1.6
21090300 ENE 8 1.4
21090312 ENE 7 1.5
21090400 E 8 1.5
21090412 ENE 9 2.2
21090500 NE 7 2.6
21090512 ENE 9 2.3
21090600 NNE 8 2.7
21090612 NNE 9 3.2
21090700 NE 8 2.8
21090712 ENE 9 2.4
21090800 ENE 9 2.0
21090812 E 10 2.0
21090900 E 10 1.8
21090912 E 10 1.9
21091000 E 10 1.6
21091012 E 9 1.4
21091100 E 9 1.2
21091112 ESE 9 1.3
21091200 ESE 9 1.1
21091212 SSE 5 1.3
21091300 SE 9 1.1
21091312 ESE 10 1.6
21091400 SE 10 1.3
21091412 SE 10 1.4
21091500 ESE 9 1.6
21091512 E 6 1.7
21091600 NE 7 2.1
21091612 E 9 2.7
21091700 E 9 2.4
21091712 E 9 2.0
21091800 SSE 7 2.7
21091812 S 8 3.2
21091900 ENE 7 2.9
21091912 NE 7 2.7